75
1
83
149
24
41
56
19
29
38
30
37
45
58
21
33
59
77
105
69
82
130
163
81
57
62
180
119
109
178
225
196
86
152
132
25
103
171
175
190
51
150
119
143
64
42
143
131
50
163
34
72
42
66
7
87
143
121
124
119
86
138
113
76
39
164
46
64
114
28
1
31
53
40
55
49
41
79
90
80
73
110
42
66
54
25
115
49
89
48
33
29
62
65
104
178
53
103
88
48
13
46
39
22
64
99
256
120
26
55
34
36
41
103
125
52
70
39
40
104
54
84
82
68
54
58
58
26
83
107
37
52
63
64
81
8
34
38
69
42
76
93
28
60
93
54
73
116
84
50
28
57
52
56
51
83
59
59
57
58
41
196
30
121
50
33
20
29
66
72
42
100
19
25
29
37
87
118
31
43
83
41
72
56
87
73
107
23
140
49
102
52
134
53
88
43
30
47
60
37
57
140
85
101
16
69
16
40
100
30
90
44
59
75
43
33
162
53
100
203
75
36
46
92
154
110
61
110
66
85
134
29
127
32
30
72
53
59
65
70
49
73
34
31
103
113
92
91
115
118
116
74
24
36
69
58
32
45
43
54
54
101
136
81
107
40
67
64
47
87
54
25
52
64
76
29
58
50
29
40
49
43
85
46
115
65
95
109
103
24
20
176
34
331
15
72
45
139
115
70
111
213
67
55
47
66
49
46
52
67
47
89
38
37
68
160
98
64
63
62
24
130
91
30
34
63
20
147
21
59
48
60
31
30
63
17
54
46
54
48
54
36
57
87
20
138
32
50
60
33
48
44
26
38
87
21
21
52
45
31
71
53
44
60
122
1
54
109
36
115
58
155
111
71
93
8
28
45
55
40
89
82
28
35
39
71
66
40
50
46
74
64
52
39
55
48
21
38
72
13
49
23
63
100
91
57
85
88
182
58
50
63
50
52
61
80
77
47
34
47
45
27
42
84
41
31
41
71
84
47
27
55
57
55
53
32
30
139
37
110
174
66
50
38
52
69
27
24
32
31
35
22
68
243
151
71
51
35
96
74
114
60
62
1
110
89
102
39
41
62
60
26
54
69
53
233
27
41
47
40
34
148
0
78
91
49
76
55
64
43
76
49
120
109
85
78
93
35
78
278
66
65
74
70
47
113
36
26
62
41
35
49
45
234
45
96
50
50
43
60
118
29
39
66
34
106
109
229
160
174
68
125
234
80
129
44
42
54
69
133
38
45
67
43
50
125
95
45
67
73
70
45
47
224
57
78
113
32
156
46
35
47
24
173
72
125
71
57
74
25
90
165
35
67
75
63
70
23
21
207
43
36
115
42
73
109
111
31
79
45
90
69
1
104
102
78
63
79
28
83
52
40
57
31
94
42
38
47
83
44
56
55
30
99
49
50
39
60
62
34
77
29
63
58
72
37
61
24
78
39
62
76
83
26
54
60
87
73
117
214
43
52
114
47
70
113
86
73
86
51
47
17
63
55
69
84
70
58
49
108
8
77
28
78
80
129
43
194
34
107
74
115
103
72
42
19
70
43
60
69
23
136
47
23
68
213
101
54
114
82
120
138
237
92
193
59
163
110
199
77
136
235
37
88
61
58
38
227
102
59
92
65
50
47
96
54
160
42
36
40
89
91
155
96
102
221
91
241
24
20
49
78
101
1
50
60
40
38
50
48
41
66
102
31
67
57
57
114
90
43
82
119
74
50
82
28
67
25
25
77
47
136
66
130
68
62
28
77
92
7
108
89
98
157
85
78
38
91
162
127
25
80
89
127
119
61
78
102
210
59
29
39
41
72
96
171
79
32
25
50
94
90
222
32
73
64
45
24
76
69
33
82
93
33
111
92
65
181
48
32
85
106
51
50
206
154
63
45
73
64
128
124
70
117
85
85
64
65
73
7
125
57
60
35
42
46
220
119
86
201
124
58
72
115
22
126
52
49
96
50
67
106
73
95
117
238
170
84
100
60
141
71
44
58
31
24
133
282
39
41
212
84
40
92
145
63
133
22
117
114
40
68
105
99
23
36
84
83
49
185
26
74
50
63
45
83
63
73
86
28
92
52
54
56
60
131
81
40
80
143
30
29
61
57
44
85
80
42
153
62
86
113
84
49
31
56
83
14
34
67
83
70
84
57
50
65
89
46
61
30
82
28
93
48
76
196
134
85
168
66
60
55
62
51
65
45
27
59
71
96
75
141
43
69
57
84
53
44
36
28
34
148
44
63
133
88
29
75
50
67
55
88
97
46
28
47
133
84
81
81
90
32
84
265
78
141
136
106
199
88
114
38
77
56
72
98
41
91
115
109
67
47
61
49
37
1
173
56
61
42
7
64
52
64
95
54
95
108
52
47
57
60
84
155
200
68
64
326
53
134
96
19
47
149
89
115
58
124
59
67
64
49
34
125
61
27
67
190
114
88
110
131
43
56
53
64
70
70
23
106
66
113
101
106
175
56
106
64
135
71
41
60
68
187
74
25
28
117
75
67
57
67
49
124
61
123
117
23
85
50
75
94
67
82
47
47
56
61
46
103
134
51
7
31
51
24
36
157
127
141
68
31
70
66
52
75
134
215
87
143
104
126
1
122
112
73
44
47
42
78
76
53
115
45
63
172
27
49
55
37
67
19
47
82
193
22
92
53
76
171
53
55
93
56
258
45
7
40
58
58
58
42
14
41
71
46
58
57
21
51
75
75
63
32
62
42
77
60
257
84
39
71
62
50
85
31
107
89
112
46
71
88
89
92
52
51
66
58
107
94
95
43
30
61
65
58
35
46
79
77
70
30
114
66
152
24
121
105
92
153
244
91
26
252
45
23
41
24
32
94
52
1
54
62
76
120
44
82
145
48
71
55
46
55
58
73
29
92
100
104
87
83
175
39
44
75
70
82
101
29
19
31
43
40
57
1
32
45
26
71
31
52
56
61
48
27
21
41
43
41
45
41
50
49
104
27
24
72
48
50
24
29
48
34
34
27
50
42
49
37
17
26
39
43
48
54
57
59
55
32
38
49
30
36
58
37
58
81
62
43
45
35
32
36
48
36
27
56
39
34
41
29
76
45
42
42
44
19
80
46
23
68
47
54
40
42
36
33
86
53
69
48
48
37
55
39
39
11
39
23
18
50
54
69
46
77
33
11
44
51
57
52
66
31
24
28
34
48
32
29
34
35
21
27
58
69
53
42
36
43
51
55
37
69
32
62
59
56
36
27
54
34
65
44
61
45
53
40
44
26
39
39
31
49
46
97
41
39
68
66
40
57
36
44
39
37
38
44
43
49
30
28
26
29
33
41
40
18
69
57
29
46
40
33
46
53
31
28
40
48
31
49
35
37
55
41
58
33
44
38
32
37
32
43
25
30
44
39
47
40
50
36
25
40
46
11
33
37
35
41
42
70
46
44
67
43
34
32
33
30
42
37
25
17
44
53
43
35
25
24
37
44
38
32
43
33
26
24
19
46
43
59
28
45
57
20
33
49
61
39
19
33
27
52
48
36
34
31
31
63
24
66
45
21
47
17
59
69
41
22
31
47
42
44
70
37
36
40
38
35
47
49
57
33
45
24
43
42
29
35
41
27
23
38
57
51
30
32
33
42
43
33
46
24
64
33
56
84
40
18
50
25
44
31
35
40
31
31
56
49
59
20
18
42
37
31
65
31
31
34
29
39
45
40
59
39
24
42
29
51
58
53
47
48
37
17
43
41
50
57
80
35
48
44
53
87
66
45
24
25
22
36
45
27
31
41
42
18
29
52
30
29
57
24
29
47
43
27
47
42
71
18
18
38
44
51
16
62
54
25
40
45
22
79
41
17
28
50
22
22
25
27
14
13
50
32
17
27
50
35
43
33
26
51
24
59
51
39
29
47
44
51
29
28
32
34
52
55
49
61
19
66
41
25
21
68
48
30
60
21
48
26
58
84
22
42
51
26
69
60
29
45
35
25
44
73
49
52
77
27
51
42
36
42
43
48
42
45
77
46
26
31
58
65
27
24
45
53
32
22
19
14
23
89
21
21
21
24
24
65
56
40
47
18
68
45
55
33
30
47
61
22
33
20
33
34
32
35
34
40
39
43
56
36
49
34
21
29
38
44
55
62
57
34
36
43
49
52
27
25
36
33
73
39
34
36
38
44
45
55
45
49
43
52
42
31
20
55
39
55
45
17
34
84
55
32
64
59
66
43
18
50
30
44
41
61
36
40
51
50
45
68
30
45
60
21
4
3
38
77
61
23
10
48
31
33
57
20
9
8
70
50
43
118
85
7
10
20
16
25
29
35
27
39
8
35
55
96
32
60
12
23
17
27
28
27
93
39
8
48
53
73
61
7
7
10
27
17
32
30
47
54
57
9
121
57
127
7
7
10
43
15
26
32
28
35
66
23
21
7
87
18
43
7
35
133
7
115
7
7
30
7
78
45
71
52
53
105
148
